0000001100100100001001010000000000000000101100101111111100011100000001101100000110011000
0000001100101001001001010000000000000000100010100000001100011101000001100001111010011101
0000001100101111001001010000000000000000001001010000100000011110000001100110011110100001
0000001100110101001001010000000000000000101101100000110000011111000001101100010010100101
0000001100111010001001010000000000000000100100010001000000100000000001100010000110101010
0000001101000000001001010000000000000000001100100001010100100001000001101101010110101110
0000001101000110001001010000000000000000001010110001101000100010000001101010111110110100
0000001101001100001001010000000000000000000011000010000000100011000001100100100010111110
0000001101010100001001010000000000000000010010000010100100100100000001100110011011001100
0000001101011000001001010000000000000000010011000010111000100100000001100110011011001100
0000001101011100001001010000000000000000110001110011001100100101000001100000001111010001
0000001101100010001001010000000000000000010100010011100000100110000001100000001111010101
0000001101101000001001010000000000000000101100010011110000100111000001100001010011011001
0000001101101110001001010000000000000000001011010100000100101000000001100100100111011101
0000001101110011001001010000000000000000111100100100010000101001000001100110110011100001
0000001101111000001001010000000000000000101110110100100000101010000001101100100111100101
0000001101111110001001010000000000000000011011010100110100101011000001100011101011101010
0000001110000100001001010000000000000000000111100101001000101100000001101100000111101110
0000001110001001001001010000000000000000000101000101011000101101000001100011001011110011
0000001110001111001001010000000000000000110001000101101000101110000001101000111111110111
0000001110010101001001010000000000000000011011100101111100101111000001100010110011111100
0000001110011011001001010000000000000000001100100110010000110000000001101011001100000000
0000001110100000001001010000000000000000000111100110100000110001000001100010010000000101
0000001110100110001001010000000000000000101101110110110000110010000001101000000100001001
0000001110101100001001010000000000000000010101010111000100110011000001101101111000001101
0000001110110001001001010000000000000000001101110111010100110100000001100011101100010010
0000001110110111001001010000000000000000110101000111100100110101000001101001100000010110
0000001110111101001001010000000000000000011110000111111000110110000001101111010100011010
0000001111000011001001010000000000000000000100111000001100110111000001100101001000011111
0000001111001000001001010000000000000000111111001000011000111000000001101100001100100011
0000001111001110001001010000000000000000101101001000101100111001000001100110000000101000
0000001111010100001001010000000000000000100000101001000000111010000001100010110000101101
0000001111011001001001010000000000000000100101101001010000111011000001101110000000110001
0000001111011111001001010000000000000000011100111001100100111100000001101100010100110110
0000001111100101001001010000000000000000100010001001111000111101000001100001010100111101
0000001111101011001001010000000000000000011111111010010000111110000001100101101101000101
0000001111110011001001010000000000000000010010011010110100111111000001101010000001001100
0000001111111010001001010000000000000000011000111011010001000000000001100100101001010011
0000001100000001001001100000000000000000011010001011101101000001000001100100101001011001
0000001100000111001001100000000000000000110010011100000001000010000001101110011101011101
0000001100001101001001100000000000000000100100011100010101000011000001100100010001100010
0000001100010011001001100000000000000000001101101100101001000100000001101011010101100110
0000001100011000001001100000000000000000000111001100111001000101000001100010011001101011
0000001100011110001001100000000000000000110100101101001001000110000001101010110101101111
0000001100100100001001100000000000000000100110101101011101000111000001100111100101110100
0000001100101010001001100000000000000000011100101101110001001000000001101110101001111000
0000001100101111001001100000000000000000010110101110000001001001000001100000110101111101
0000001100110101001001100000000000000000111011011110010001001010000001100110101010000001
0000001100111010001001100000000000000000110011101110100001001011000001101111000110000101
0000001101000000001001100000000000000000101001011110110101001100000001101011110110001010
0000001101000110001001100000000000000000100010001111001001001101000001100111000110001111
0000001101001100001001100000000000000000011001111111011101001110000001100111000110010100
0000001101010010001001100000000000000000010110011111110001001111000001100011110110011001
0000001101011000001001100000000000000000010001010000000101010000000001101101101010011101
0000001101011110001001100000000000000000000000100000011001010001000001100011011110100010
0000001101100011001001100000000000000000111001110000100101010010000001101011111010100110
0000001101101000001001100000000000000000111011010000110101010011000001100111001010101011
0000001101101110001001100000000000000000110000010001001001010100000001101100111110101111
0000001101110100001001100000000000000000011100000001011101010101000001100000010010110100
0000001101111001001001100000000000000000010001100001101101010110000001100100110110111000
0000001101111111001001100000000000000000110110110001111101010111000001101010101010111100
0000001110000101001001100000000000000000011101110010010001011000000001100001101111000001
0000001110001011001001100000000000000000000111000010100101011001000001100110010011000101
0000001110010000001001100000000000000000111100100010110001011010000001101000011111001001
0000001110010110001001100000000000000000010111010011000101011011000001101000011111001101
0000001110011011001001100000000000000000111111110011010001011100000001100111011011010001
0000001110100001001001100000000000000000011000100011100101011101000001101000011111010101
0000001110100110001001100000000000000000000111010011110101011110000001101011110011011001
0000001110101100001001100000000000000000101100100100000101011111000001100100001111011110
0000001110110010001001100000000000000000011101000100011001100000000001101110000011100010
0000001110110111001001100000000000000000011001100100101001100001000001101001010011100111
0000001110111101001001100000000000000000010000100100111101100010000001101001010011101100
0000001111000011001001100000000000000000010100110101010001100011000001101010111111110001
0000001111001001001001100000000000000000011001110101100101100100000001101001010011110110
0000001111001111001001100000000000000000010111100101111001100101000001101001010011111011
0000001111010101001001100000000000000000011011000110001101100110000001101110100100000000
0000001111011011001001100000000000000000101101100110100001100111000001100101110100000110
0000001111100001001001100000000000000000000001010110111001101000000001100100001000001011
0000001111100111001001100000000000000000110001000111001001101001000001100111011100001111
0000001111101101001001100000000000000000010001100111011101101010000001101001101000010011
0000001111110010001001100000000000000000000000010111101101101011000001101011110100010111
0000001111111000001001100000000000000000100000110111111101101100000001101111001000011011
0000001111111101001001100000000000000000010011101000001101101101000001100011101100100000
0000001100000011001001110000000000000000111000111000011101101110000001101000010000100100
0000001100001000001001110000000000000000101100101000101101101111000001101011100100101000
0000001100001110001001110000000000000000001110001001000001110000000001101101110000101100
0000001100010100001001110000000000000000110000101001010001110001000001100011100100110001
0000001100011001001001110000000000000000101000101001100001110010000001101010101000110101
0000001100011111001001110000000000000000010011011001110101110011000001101111001100111001
0000001100100100001001110000000000000000001001111010000101110100000001100011110000111110
0000001100101010001001110000000000000000110000001010010101110101000001100111000101000010
0000001100110000001001110000000000000000010011101010101001110110000001101010011001000110
0000001100110101001001110000000000000000000101011010111001110111000001101110111101001010
0000001100111011001001110000000000000000101011111011001001111000000001100010010001001111
0000001101000001001001110000000000000000001100111011011101111001000001100100011101010011
0000001101000110001001110000000000000000111111101011101001111010000001101010010001010111
0000001101001011001001110000000000000000111000011011111001111011000001100000000101011100
0000001101010001001001110000000000000000100101101100001101111100000001101001111001100000
0000001101010111001001110000000000000000010101101100100001111101000001100000111101100101
0000001101011101001001110000000000000000111110001100110001111110000001100100010001101001
0000001101100010001001110000000000000000110001111101000001111111000001100111100101101101
0000001101101000001001110000000000000000010011011101010110000000000001101001110001110001
0000001101101101001001110000000000000000000011101101100110000001000001101111100101110101
0000001101110011001001110000000000000000101110111101110110000010000001101000000001111010
0000001101111000001001110000000000000000101100111110000110000011000001100001110101111111
0000001101111110001001110000000000000000011011001110011010000100000001101010010010000011
0000001110000100001001110000000000000000001010001110101110000101000001100100000110001000
0000001110001010001001110000000000000000110111001110111110000110000001101100100010001100
0000001110010000001001110000000000000000100111001111010010000111000001100110010110010001
0000001110010110001001110000000000000000011001101111100110001000000001100001100110010110
0000001110011011001001110000000000000000011100101111110110001001000001101111111010011010
0000001110100001001001110000000000000000011011110000001010001010000001101110001110011111
0000001110100111001001110000000000000000011001000000011110001011000001101110001110100100
0000001110101101001001110000000000000000011101010000110010001100000001101110001110101001
0000001110110011001001110000000000000000011101100001000110001101000001101100100010101110
0000001110111001001001110000000000000000010110110001011010001110000001101001010010110011
0000001110111111001001110000000000000000010010100001101110001111000001100100100010111000
0000001111000101001001110000000000000000000101010010000010010000000001101011100110111100
0000001111001011001001110000000000000000101000110010010010010001000001101100101011000000
0000001111010000001001110000000000000000010111100010100010010010000001101110110111000100
0000001111010110001001110000000000000000110110000010110010010011000001100001000011001001
0000001111011011001001110000000000000000100010110011000010010100000001100001000011001101
0000001111100001001001110000000000000000111111010011010010010101000001100011001111010001
0000001111100110001001110000000000000000110001000011100010010110000001100111110011010101
0000001111101011001001110000000000000000100101010011110010010111000001101101100111011001
0000001111110010001001110000000000000000111100100100000110011000000001101111110011011101
0000001111110111001001110000000000000000101110110100010110011001000001100000110111100010
0000001111111101001001110000000000000000001011110100101010011010000001100001111011100110
0000001100000010001010000000000000000000111000000100110110011011000001100001111011101010
0000001100000111001010000000000000000000100001000101000110011100000001100000110111101110
0000001100001101001010000000000000000000110110110101010110011101000001101111110011110001
0000001100010010001010000000000000000000011110110101100110011110000001101110101111110101
0000001100010111001010000000000000000000001001100101110110011111000001101111110011111001
0000001100011101001010000000000000000000101000000110000110100000000001100001111111111110
0000001100100010001010000000000000000000011011010110010110100001000001100110100000000010
0000001100101000001010000000000000000000000111010110101010100010000001101101100100000110
0000001100101110001010000000000000000000101110110110111010100011000001100010001000001011
0000001100110011001010000000000000000000100010100111001010100100000001100100010100001111
0000001100111001001010000000000000000000000100000111011110100101000001100111101000010011
0000001100111110001010000000000000000000110110010111101010100110000001101010111100010111
0000001101000100001010000000000000000000011010010111111110100111000001100000110000011100
0000001101001010001010000000000000000000000010011000010010101000000001100110100100100000
0000001101001111001010000000000000000000111001001000011110101001000001101100011000100100
0000001101010101001010000000000000000000100000101000110010101010000001100010001100101001
0000001101011011001010000000000000000000001000101001000110101011000001100110110000101101
0000001101100000001010000000000000000000111110111001010010101100000001101111001100110001
0000001101100110001010000000000000000000110010011001100110101101000001101010011100110110
0000001101101100001010000000000000000000100101001001111010101110000001101111000000111010
0000001101110001001010000000000000000000011001111010001010101111000001100001001100111111
0000001101110111001010000000000000000000111000111010011010110000000001100100100001000011
0000001101111100001010000000000000000000101010001010101010110001000001101001000101000111
0000001110000010001010000000000000000000001101101010111110110010000001101101101001001011
0000001110000111001010000000000000000000000011011011001110110011000001100100101101010000
0000001110001101001010000000000000000000101011011011011110110100000001100110111001010100
0000001110010011001010000000000000000000001100011011110010110101000001101010001101011000
0000001110011000001010000000000000000000111101101011111110110110000001101110110001011100
0000001110011110001010000000000000000000100010101100010010110111000001100111001101100001
0000001110100100001010000000000000000000010000111100100110111000000001101110010001100101
0000001110101001001010000000000000000000001000011100110110111001000001100110101101101010
0000001110101111001010000000000000000000110110101101000110111010000001100001111101101111
0000001110110101001010000000000000000000101011001101011010111011000001101101001101110011
0000001110111011001010000000000000000000100001011101101110111100000001101001111101111000
0000001111000001001010000000000000000000010110001110000010111101000001100001000001111101
0000001111000110001010000000000000000000010000001110010010111110000001100101100110000001
0000001111001100001010000000000000000000110110101110100010111111000001101011011010000101
0000001111010010001010000000000000000000100010111110110111000000000001100011110110001010
0000001111010111001010000000000000000000100000011111000111000001000001101010111010001110
0000001111011101001010000000000000000000001100001111011011000010000001101111011110010010
0000001111100010001010000000000000000000000001011111101011000011000001100100000010010111
0000001111101000001010000000000000000000101001011111111011000100000001101000100110011011
0000001111101110001010000000000000000000010100010000001111000101000001100001000010100000
0000001111110011001010000000000000000000010011110000011111000110000001101100010010100100
0000001111111001001010000000000000000000001101000000110011000111000001100111100010101001
0000001111111111001010000000000000000000000100010001000111001000000001101111111110101101
0000001100000101001010010000000000000000111010110001010111001001000001101001110010110010
0000001100001010001010010000000000000000111011010001100111001010000001100010001110110111
0000001100010000001010010000000000000000101101110001111011001011000001101001010010111011
0000001100010101001010010000000000000000101011010010001011001100000001100001101111000000
0000001100011011001010010000000000000000011000110010011111001101000001101000110011000100
0000001100100001001010010000000000000000000100010010110011001110000001101111110111001000
0000001100100111001010010000000000000000101111000011000011001111000001100110111011001101
0000001100101100001010010000000000000000101011000011010011010000000001101111010111010001
0000001100110010001010010000000000000000011011100011100111010001000001101001001011010110
0000001100111000001010010000000000000000001100000011111011010010000001100010111111011011
0000001100111110001010010000000000000000111110100100001011010011000001101011011011011111
0000001101000100001010010000000000000000101111000100011111010100000001100101001111100100
0000001101001001001010010000000000000000101101000100101111010101000001101101101011101000
0000001101001111001010010000000000000000011000010101000011010110000001100100101111101101
0000001101010101001010010000000000000000001000010101010111010111000001101101001011110001
0000001101011010001010010000000000000000001000010101100111011000000001101000011011110110
0000001101100000001010010000000000000000000000100101111011011001000001100011101011111011
0000001101100110001010010000000000000000110100000110001011011010000001101101011111111111
0000001101101100001010010000000000000000101000000110011111011011000001101010001100000100
0000001101110001001010010000000000000000101111000110101111011100000001100110111100001001
0000001101111000001010010000000000000000011111100111000111011101000001100010001100001110
0000001101111101001010010000000000000000100010100111010111011110000001101010101000010010
0000001110000011001010010000000000000000010010100111101011011111000001100011000100010111
0000001110001001001010010000000000000000000001000111111111100000000001101100111000011011
0000001110001111001010010000000000000000110000011000001111100001000001100011111100100000
0000001110010100001010010000000000000000101000111000011111100010000001101011000000100100
0000001110011010001010010000000000000000010100111000110011100011000001100011011100101001
0000001110100000001010010000000000000000000010001001000111100100000001101001010000101101
0000001110100101001010010000000000000000111010011001010011100101000001100000010100110010
0000001110101011001010010000000000000000100100011001100111100110000001100110001000110110
0000001110110001001010010000000000000000001101111001111011100111000001101010101100111010
0000001110110110001010010000000000000000001000011010001011101000000001100011001000111111
0000001110111100001010010000000000000000111000101010011011101001000001101010001101000011
0000001111000010001010010000000000000000011111001010101111101010000001101101100001000111
0000001111000111001010010000000000000000010001011010111111101011000001101111101101001011
0000001111001101001010010000000000000000110101001011001111101100000001100101100001010000
0000001111010010001010010000000000000000101101001011011111101101000001101010000101010100
0000001111011000001010010000000000000000010100001011110011101110000001101110101001011000
0000001111011101001010010000000000000000001100001100000011101111000001100100011101011101
0000001111100011001010010000000000000000110110111100010011110000000001101011100001100001
0000001111101001001010010000000000000000100101001100100111110001000001100010100101100110
0000001111101110001010010000000000000000100000111100110111110010000001101000011001101010
0000001111110100001010010000000000000000000110111101001011110011000001101011101101101110
0000001111111010001010010000000000000000101000011101011011110100000001101111000001110010
0000001111111111001010010000000000000000011110001101101011110101000001100100110101110111
0000001100000101001010100000000000000000000101011101111111110110000001101010101001111011
0000001100001010001010100000000000000000000000111110001111110111000001100001101110000000
0000001100010000001010100000000000000000101011101110011111111000000001100111100010000100
0000001100010110001010100000000000000000010110001110110011111001000001101101010110001000
0000001100011011001010100000000000000000001101111111000011111010000001100100011010001101
0000001100100001001010100000000000000000111010101111010011111011000001101010001110010001
0000001100100110001010100000000000000000110001111111100011111100000001100001010010010110
0000001100101100001010100000000000000000011011111111110111111101000001100101110110011010
0000001100110010001010100000000000000000000010010000001011111110000001101010011010011110
0000001100111000001010100000000000000000100110010000011011111111000001101101101110100010
0000001100111101001010100000000000000000011010100000101000000000000001110010010010100111
0000001101000010001010100000000000000000010010100000111000000001000001111001010110101011
0000001101001000001010100000000000000000000000100001001100000010000001110000011010110000
0000001101001110001010100000000000000000101010010001011100000011000001110110001110110100
0000001101010011001010100000000000000000100001100001101100000100000001111010110010111000
0000001101011001001010100000000000000000000101010010000000000101000001111111010110111100
0000001101011111001010100000000000000000101010100010010000000110000001110001100011000001
0000001101100100001010100000000000000000011001110010100000000111000001110011101111000101
0000001101101010001010100000000000000000111011010010110000001000000001111010110011001001
0000001101110000001010100000000000000000100011010011000100001001000001110000100111001110
0000001101110101001010100000000000000000011010100011010100001010000001110111101011010010
0000001101111011001010100000000000000000000011100011101000001011000001111001110111010110
0000001110000000001010100000000000000000110101110011110100001100000001111100000011011010
0000001110000110001010100000000000000000010100010100001000001101000001111101000111011110
0000001110001100001010100000000000000000110000010100011000001110000001111110001011100010
0000001110010001001010100000000000000000011111100100101000001111000001110000010111100111
0000001110010110001010100000000000000000010000110100111000010000000001110011101011101011
0000001110011100001010100000000000000000101101010101001000010001000001110011101011101111
0000001110100010001010100000000000000000001010010101011100010010000001111001011111110011
0000001110100111001010100000000000000000001001110101101100010011000001111001011111111000
0000001110101101001010100000000000000000010100100110000000010100000001110111001011111111
0000001110110011001010100000000000000000011100010110011000010101000001110000010000001000
0000001110111011001010100000000000000000100000010110111100010110000001111010010100010100
0000001110111100001010100000000000000000101010010111000000010110000001111010010100010100
0000001110111100001010100000000000000000101010010111000000010110000001111010010100010100
0000001110111100001010100000000000000000101010010111000000010110000001111010010100010100
0000001110111100001010100000000000000000101010010111000000010110000001111010010100010100
0000001110111100001010100000000000000000101010010111000000010110000001111010010100010100
0000001110111100001010100000000000000000101010010111000000010110000001111010010100010100
0000001110111100001010100000000000000000101010010111000000010110000001111010010100010100
0000001110111100001010100000000000000000101010010111000000010110000001111010010100010100
0000001110111100001010100000000000000000101010010111000000010110000001111010010100010100
0000001110111100001010100000000000000000101010010111000000010111000001111100100100100101
0000001111001110001010100000000000000000111000101000000000011000000001110101000000101010
0000001111010100001010100000000000000000101000001000010100011001000001111110110100101110
0000001111011010001010100000000000000000011110101000101000011010000001111011100100110011
0000001111011111001010100000000000000000100111111000111000011011000001111101010000111000
0000001111100101001010100000000000000000110010001001001100011100000001110000101100111110
0000001111101100001010100000000000000000101110111001100100011101000001110010011001000011
0000001111110010001010100000000000000000111010011001111000011110000001110100000101001000
0000001111110111001010100000000000000000001110111010001100011111000001110101110001001101
0000001111111101001010100000000000000000010010001010100000100000000001110111011101010010
0000001100000011001010110000000000000000011001011010110100100001000001111001001001010111
0000001100001001001010110000000000000000100101001011001000100010000001111110011101011100
0000001100001111001010110000000000000000111010011011011100100011000001110111101101100010
0000001100010101001010110000000000000000011000011011110100100100000001110101010101101000
0000001100011100001010110000000000000000101111111100001100100101000001110000101101101110
0000001100100010001010110000000000000000011000101100100100100110000001110000101101110100
0000001100101001001010110000000000000000110000111100111100100111000001111100000101111001
0000001100101111001010110000000000000000001010011101010100101000000001111101110001111110
0000001100110101001010110000000000000000010000111101101000101001000001110001001110000100
0000001100111011001010110000000000000000010111001101111100101010000001111111100010001000
0000001101000001001010110000000000000000011000111110010000101011000001110001001110001110
0000001101000111001010110000000000000000011101111110100100101100000001111100011110010010
0000001101001101001010110000000000000000001000101110111000101101000001111110101010010110
0000001101010010001010110000000000000000110101111111000100101110000001110011001110011011
0000001101011000001010110000000000000000011011111111011000101111000001111001000010011111
0000001101011101001010110000000000000000001110101111101000110000000001111010000110100011
0000001101100011001010110000000000000000101010101111111000110001000001111010000110100111
0000001101101001001010110000000000000000000101100000001100110010000001111011001010101011
0000001101101110001010110000000000000000110100110000011000110011000001111110011110101111
0000001101110011001010110000000000000000101000110000101000110100000001110110111010110100
0000001101111001001010110000000000000000010110010000111100110101000001110000101110111001
0000001101111111001010110000000000000000000101110001010000110110000001111010100010111101
0000001110000101001010110000000000000000110111010001100000110111000001110010111111000010
0000001110001011001010110000000000000000100011110001110100111000000001111010000011000110
0000001110010000001010110000000000000000011100110010000100111001000001111111110111001010
0000001110010110001010110000000000000000000101100010011000111010000001110101101011001111
0000001110011100001010110000000000000000110001000010101000111011000001111110000111010011
0000001110100001001010110000000000000000101101000010111000111100000001110010101011011000
0000001110100111001010110000000000000000010000010011001100111101000001110101111111011100
0000001110101101001010110000000000000000110011110011011100111110000001111001010011100000
0000001110110010001010110000000000000000100111010011101100111111000001111101110111100100
0000001110111000001010110000000000000000001011110100000001000000000001110010011011101001
0000001110111110001010110000000000000000110001110100010001000001000001111000001111101101
0000001111000011001010110000000000000000100110100100100001000010000001111011100011110001
0000001111001001001010110000000000000000001001010100110101000011000001111100100111110101
0000001111001110001010110000000000000000110101100101000001000100000001111100100111111001
0000001111010011001010110000000000000000011110100101010001000101000001111110110011111101
0000001111011001001010110000000000000000111110100101100001000110000001110011010100000010
0000001111011111001010110000000000000000100100000101110101000111000001110111111000000110
0000001111100100001010110000000000000000011010100110000101001000000001111110111100001010
0000001111101010001010110000000000000000000111010110011001001001000001110100110000001111
0000001111101111001010110000000000000000000000110110101001001010000001111101001100010011
0000001111110101001010110000000000000000101101100110111001001011000001110100010000011000
0000001111111011001010110000000000000000011101000111001101001100000001111110000100011100
0000001100000001001011000000000000000000010001000111100001001101000001110101001000100001
0000001100000111001011000000000000000000000000100111110101001110000001110000011000100110
0000001100001100001011000000000000000000111111001000000001001111000001111010001100101010
0000001100010010001011000000000000000000110001001000010101010000000001110010101000101111
0000001100011000001011000000000000000000100010001000101001010001000001111101111000110011
0000001100011110001011000000000000000000010000111000111101010010000001110001001100111000
0000001100100011001011000000000000000000000100011001001101010011000001111000010000111100
0000001100101001001011000000000000000000110000011001011101010100000001110010000101000001
0000001100101111001011000000000000000000100001111001110001010101000001111101010101000101
0000001100110101001011000000000000000000010011011010000101010110000001110111001001001010
0000001100111010001011000000000000000000010011011010010101010111000001111111100101001110
0000001101000000001011000000000000000000000000111010101001011000000001110110101001010011
0000001101000110001011000000000000000000101101011010111001011001000001111101101101010111
0000001101001011001011000000000000000000100110111011001001011010000001110110001001011100
0000001101010001001011000000000000000000010110011011011101011011000001111110100101100000
0000001101010111001011000000000000000000000101011011110001011100000001111000011001100101
0000001101011101001011000000000000000000111010111100000001011101000001110000110101101010
0000001101100011001011000000000000000000100010001100010101011110000001110011000001101110
0000001101101000001011000000000000000000010000011100100101011111000001110100000101110010
0000001101101110001011000000000000000000101011111100110101100000000001110101001001110110
0000001101110011001011000000000000000000010100001101000101100001000001110111010101111010
0000001101111001001011000000000000000000110011101101010101100010000001111011111001111110
0000001101111111001011000000000000000000011000011101101001100011000001110000011110000011
0000001110000100001011000000000000000000001110101101111001100100000001111000111010000111
0000001110001010001011000000000000000000000011001110001101100101000001111000111010001100
0000001110010000001011000000000000000000000001101110100001100110000001110111001110010001
0000001110010110001011000000000000000000000100001110110101100111000001111000111010010110
0000001110011100001011000000000000000000001011001111001001101000000001111100010110011011
0000001110100001001011000000000000000000100011111111011001101001000001110111101110100001
0000001110101000001011000000000000000000111101011111110001101010000001110011000110100111
0000001110101110001011000000000000000000010110100000001001101011000001111100010110101100
0000001110110100001011000000000000000000101011010000011101101100000001110001101010110010
0000001110111010001011000000000000000000111001000000110001101101000001110101000110110111
0000001111000000001011000000000000000000000110000001001001101110000001111010011010111100
0000001111000111001011000000000000000000000010010001100001101111000001110010110111000001
0000001111001101001011000000000000000000101110100001110001110000000001110111011011000101
0000001111010010001011000000000000000000011111110010000001110001000001111000011111001001
0000001111010111001011000000000000000000001111100010010001110010000001111010101011001101
0000001111011101001011000000000000000000110001010010100001110011000001111111001111010001
0000001111100011001011000000000000000000010111000010110101110100000001110101000011010110
0000001111101000001011000000000000000000001110110011000101110101000001111001100111011010
0000001111101110001011000000000000000000110101010011010101110110000001111100111011011110
0000001111110100001011000000000000000000011010110011101001110111000001110011111111100011
0000001111111001001011000000000000000000011010000011111001111000000001110000101111101000
0000001111111111001011000000000000000000011010110100001101111001000001110000101111101101
0000001100000101001011010000000000000000010111010100100001111010000001111010100011110001
0000001100001011001011010000000000000000001000010100110101111011000001110101110011110110
0000001100010000001011010000000000000000001010010101000101111100000001110100000111111011
0000001100010110001011010000000000000000000101110101011001111101000001111111010111111111
0000001100011100001011010000000000000000111100110101101001111110000001111010100100000100
0000001100100010001011010000000000000000101111010101111101111111000001110011000000001001
0000001100101000001011010000000000000000011110110110010010000000000001111011011100001101
0000001100101110001011010000000000000000010000110110100110000001000001110011111000010010
0000001100110011001011010000000000000000001110110110110110000010000001111010111100010110
0000001100111001001011010000000000000000111101100111000110000011000001110000110000011011
0000001100111111001011010000000000000000100101100111011010000100000001110110100100011111
0000001101000100001011010000000000000000011101000111101010000101000001111100011000100011
0000001101001010001011010000000000000000001000010111111110000110000001110110001100101000
0000001101010000001011010000000000000000111001111000001110000111000001111101010000101100
0000001101010101001011010000000000000000110100111000011110001000000001110100010100110001
0000001101011011001011010000000000000000100101011000110010001001000001111110001000110101
0000001101100000001011010000000000000000100010111001000010001010000001110101001100111010
0000001101100110001011010000000000000000001111101001010110001011000001111100010000111110
0000001101101100001011010000000000000000111011101001100110001100000001110011010101000011
0000001101110010001011010000000000000000100101101001111010001101000001110111111001000111
0000001101110111001011010000000000000000011010001010001010001110000001111011001101001011
0000001101111101001011010000000000000000111100101010011010001111000001111110100001001111
0000001110000010001011010000000000000000101111011010101010010000000001110011000101010100
0000001110001000001011010000000000000000011000001010111110010001000001111000111001011000
0000001110001101001011010000000000000000001111111011001110010010000001111101011101011100
0000001110010011001011010000000000000000111010001011011110010011000001110011010001100001
0000001110011000001011010000000000000000110110001011101110010100000001111001000101100101
0000001110011110001011010000000000000000011111101100000010010101000001111101101001101001
0000001110100100001011010000000000000000000110011100010110010110000001110011011101101110
0000001110101010001011010000000000000000110001011100100110010111000001111001010001110010
0000001110101111001011010000000000000000101010111100110110011000000001111111000101110110
0000001110110101001011010000000000000000010011111101001010011001000001110100111001111011
0000001110111010001011010000000000000000001011011101011010011010000001111000001101111111
0000001111000000001011010000000000000000101110111101101010011011000001111010011010000011
0000001111000110001011010000000000000000001110111101111110011100000001111100100110000111
0000001111001011001011010000000000000000111110001110001010011101000001111101101010001011
0000001111010001001011010000000000000000011101101110011110011110000001110011011110010000
0000001111010110001011010000000000000000010011011110101110011111000001111011111010010100
0000001111011100001011010000000000000000000010011111000010100000000001110101101110011001
0000001111100001001011010000000000000000000101101111010010100001000001110100000010011110
0000001111101000001011010000000000000000110110111111100110100010000001111111010010100010
0000001111101101001011010000000000000000110101011111110110100011000001110101000110100111
0000001111110011001011010000000000000000011011110000001010100100000001110111010010101011
0000001111111000001011010000000000000000001010000000011010100101000001111001011110101111
0000001111111110001011010000000000000000101001100000101010100110000001111111010010110011
0000001100000100001011100000000000000000010001100000111110100111000001111001000110111000
0000001100001010001011100000000000000000000011100001010010101000000001110010111010111101
0000001100001111001011100000000000000000000100100001100010101001000001111110001011000001
0000001100010101001011100000000000000000111010100001110010101010000001110111111111000110
0000001100011011001011100000000000000000101010000010000110101011000001110000011011001011
0000001100100001001011100000000000000000011000000010011010101100000001110110001111001111
0000001100100110001011100000000000000000001101110010101010101101000001111100000011010011
0000001100101100001011100000000000000000110110010010111010101110000001110100011111011000
0000001100110010001011100000000000000000100010010011001110101111000001111011100011011100
0000001100111000001011100000000000000000001101100011100010110000000001110010100111100001
0000001100111101001011100000000000000000000110100011110010110001000001111000011011100101
0000001101000011001011100000000000000000101100000100000010110010000001111100111111101001
0000001101001001001011100000000000000000001111010100010110110011000001110001100011101110
0000001101001110001011100000000000000000000010100100100110110100000001110111010111110010
0000001101010100001011100000000000000000101010110100110110110101000001111110011011110110
0000001101011010001011100000000000000000011000000101001010110110000001111000001111111011
0000001101011111001011100000000000000000010101100101011010110111000001111110000011111111
0000001101100101001011100000000000000000111111000101101010111000000001110011110100000100
0000001101101011001011100000000000000000100110000101111110111001000001110111001000001000
0000001101110000001011100000000000000000011011110110001110111010000001111100111100001100
0000001101110110001011100000000000000000000011000110100010111011000001110001100000010001
0000001101111100001011100000000000000000101010000110110010111100000001110111010100010101
0000001110000001001011100000000000000000100010010111000010111101000001111011111000011001
0000001110000111001011100000000000000000001001010111010110111110000001110001101100011110
0000001110001100001011100000000000000000000001110111100110111111000001111000110000100010
0000001110010010001011100000000000000000110000100111110111000000000001111111110100100110
0000001110011000001011100000000000000000100011001000001011000001000001111011000100101011
0000001110011101001011100000000000000000100111001000011011000010000001111001011000110000
0000001110100011001011100000000000000000100010001000101111000011000001110011001100110101
0000001110101001001011100000000000000000010110001001000011000100000001111010010000111001
0000001110101110001011100000000000000000010000111001010011000101000001111110110100111101
0000001110110100001011100000000000000000110111001001100011000110000001110011011001000010
0000001110111010001011100000000000000000011100001001110111000111000001111001001101000110
0000001111000000001011100000000000000000000011001010001011001000000001111111000001001010
0000001111000101001011100000000000000000111011001010010111001001000001110100110101001111
0000001111001011001011100000000000000000100001101010101011001010000001111010101001010011
0000001111010000001011100000000000000000011010001010111011001011000001110011000101011000
0000001111010110001011100000000000000000001001011011001111001100000001111010001001011100
0000001111011100001011100000000000000000110011011011011111001101000001110001001101100001
0000001111100001001011100000000000000000101010011011101111001110000001110111000001100101
0000001111101000001011100000000000000000000010101100000111001111000001111100110101101001
0000001111101101001011100000000000000000111011011100010011010000000001110010101001101110
0000001111110011001011100000000000000000100101111100100111010001000001111011000101110010
0000001111111000001011100000000000000000100011101100110111010010000001110011100001110111
0000001111111110001011100000000000000000010010101101001011010011000001111011111101111011
0000001100000100001011110000000000000000111101101101011011010100000001110000100010000000
0000001100001010001011110000000000000000100001111101101111010101000001110011110110000100
0000001100001111001011110000000000000000010100001101111111010110000001111000011010001000
0000001100010100001011110000000000000000000110111110001111010111000001111100111110001100
0000001100011010001011110000000000000000101011111110011111011000000001110010110010010001
0000001100100000001011110000000000000000001110001110110011011001000001110111010110010101
0000001100100101001011110000000000000000000101011111000011011010000001111110011010011001
0000001100101011001011110000000000000000110000001111010011011011000001110110110110011110
0000001100110001001011110000000000000000011111101111100111011100000001110000101010100011
0000001100110111001011110000000000000000001010001111111011011101000001110101001110100111
0000001100111100001011110000000000000000111111110000000111011110000001111001110010101011
0000001101000010001011110000000000000000100011010000011011011111000001111101000110101111
0000001101001000001011110000000000000000000111110000101111100000000001111111010010110011
0000001101001101001011110000000000000000111011000000111011100001000001110010100110111000
0000001101010010001011110000000000000000101110110001001011100010000001110111001010111100
0000001101011000001011110000000000000000001111110001011111100011000001111010011111000000
0000001101011110001011110000000000000000110011000001101111100100000001111101110011000100
0000001101100011001011110000000000000000100110110001111111100101000001110001000111001001
0000001101101001001011110000000000000000001010010010010011100110000001110100011011001101
0000001101101110001011110000000000000000111101100010011111100111000001111000111111010001
0000001101110100001011110000000000000000100100000010110011101000000001110000000011010110
0000001101111010001011110000000000000000001110100011000111101001000001111001110111011010
0000001110000000001011110000000000000000111111100011010111101010000001110010010011011111
0000001110000101001011110000000000000000000010000011101011101011000001111101100011100011
0000001110001011001011110000000000000000110111100011111011101100000001111000110011101000
0000001110010001001011110000000000000000101011100100001111101101000001110001001111101101
0000001110010111001011110000000000000000011001100100100011101110000001111011000011110001
0000001110011101001011110000000000000000001101000100110111101111000001110100110111110110
0000001110100010001011110000000000000000001011100101000111110000000001111011111011111010
0000001110101000001011110000000000000000111000100101010111110001000001110001101111111111
0000001110101110001011110000000000000000100000100101101011110010000001110110010000000011
0000001110110011001011110000000000000000010110110101111011110011000001111010110100000111
0000001110111001001011110000000000000000111100110110001011110100000001111110001000001011
0000001110111110001011110000000000000000101110100110011011110101000001110010101100010000
0000001111000100001011110000000000000000010101010110101111110110000001111001110000010100
0000001111001001001011110000000000000000010010100110111111110111000001110010001100011001
0000001111001111001011110000000000000000000101000111010011111000000001111100000000011101
0000001111010101001011110000000000000000111010000111100011111001000001111000110000100010
0000001111011011001011110000000000000000110010000111110111111010000001110100000000100111
0000001111100001001011110000000000000000101100111000001011111011000001110010010100101100
0000001111100110001011110000000000000000110010101000011011111100000001111101100100110000
0000001111101100001011110000000000000000101001011000101111111101000001111010010100110101
0000001111110010001011110000000000000000100001001001000011111110000001110101100100111010
0000001111111000001011110000000000000000010110001001010111111111000001111111011000111110
0000001111111110001011110000000000000000001011101001101000000000000010001001001101000011
0000001100000011001100000000000000000000001010001001111000000001000010000001101001001000
0000001100001001001100000000000000000000111001001010001000000010000010001011011101001100
0000001100001111001100000000000000000000101101101010011100000011000010000101010001010001
0000001100010101001100000000000000000000011111101010110000000100000010001111000101010101
0000001100011011001100000000000000000000001111101011000100000101000010001000111001011010
0000001100100000001100000000000000000000001111001011010100000110000010001111111101011110
0000001100100110001100000000000000000000110101001011100100000111000010000011010001100011
0000001100101100001100000000000000000000011111011011111000001000000010001101000101100111
0000001100110001001100000000000000000000100001101100001000001001000010001011011001101100
0000001100111000001100000000000000000000010110011100100000001010000010001011011001110001
0000001100111101001100000000000000000000011111001100110000001011000010001000001001110110
0000001101000011001100000000000000000000011011111101000100001100000010000100111001111011
0000001101001001001100000000000000000000010101001101011000001101000010000000001010000000
0000001101001111001100000000000000000000010000001101101100001110000010001100111010000100
0000001101010100001100000000000000000000011000101101111100001111000010001011001110001001
0000001101011011001100000000000000000000001111111110010100010000000010000111111110001110
0000001101100000001100000000000000000000011000011110100100010001000010000011001110010011
0000001101100110001100000000000000000000010011111110111000010010000010000001100010011000
0000001101101100001100000000000000000000010010111111001100010011000010001110010010011100
0000001101110010001100000000000000000000010000101111100000010100000010001011000010100001
0000001101110111001100000000000000000000010110111111110000010101000010000111110010100110
0000001101111101001100000000000000000000010111100000000100010110000010000110000110101011
0000001110000011001100000000000000000000011010010000011000010111000010000100011010110000
0000001110001001001100000000000000000000011000100000101100011000000010000010101110110101
0000001110001111001100000000000000000000011000100001000000011001000010001101111110111001
0000001110010101001100000000000000000000010000000001010100011010000010001001001110111110
0000001110011010001100000000000000000000010100010001100100011011000010000111100011000011
0000001110100000001100000000000000000000010000110001111000011100000010000101110111001000
0000001110100110001100000000000000000000001111110010001100011101000010000010100111001101
0000001110101100001100000000000000000000001001010010100000011110000010000000111011010010
0000001110110010001100000000000000000000001011100010110100011111000010000100010111010111
0000001110111000001100000000000000000000010111010011001000100000000010000111110011011100
0000001110111110001100000000000000000000011100110011011100100001000010000111110011100001
0000001111000100001100000000000000000000011101000011110000100010000010000100100011100110
0000001111001010001100000000000000000000011011100100000100100011000010000100100011101011
0000001111010000001100000000000000000000100010110100011000100100000010000110001111110000
0000001111010110001100000000000000000000100001000100101100100101000010000100100011110101
0000001111011100001100000000000000000000100110100101000000100110000010001001110111111010
0000001111100010001100000000000000000000110001000101010100100111000010001001110111111111
0000001111101000001100000000000000000000101110010101101000101000000010000101000100000100
0000001111101110001100000000000000000000100011000101111100101001000010001101100000001000
0000001111110011001100000000000000000000011111100110001100101010000010000011010100001101
0000001111111001001100000000000000000000000111000110100000101011000010001010011000010001
0000001111111111001100000000000000000000101100000110110000101100000010001101101100010101
0000001100000101001100010000000000000000010000100111000100101101000010000111100000011010
0000001100001010001100010000000000000000010000100111010100101110000010001110100100011110
0000001100010000001100010000000000000000111001010111100100101111000010000000110000100011
0000001100010101001100010000000000000000101000100111110100110000000010000001110100100111
0000001100011011001100010000000000000000001010001000001000110001000010000101001000101011
0000001100100000001100010000000000000000111101011000010100110010000010001000011100101111
0000001100100110001100010000000000000000011011111000101000110011000010001001100000110011
0000001100101100001100010000000000000000111100011000111000110100000010001100110100110111
0000001100110001001100010000000000000000110001101001001000110101000010000011111000111100
0000001100110111001100010000000000000000011010011001011100110110000010001000011101000000
0000001100111100001100010000000000000000010011001001101100110111000010001111100001000100
0000001101000010001100010000000000000000000011001010000000111000000010000110100101001001
0000001101000111001100010000000000000000000000101010010000111001000010001100011001001101
0000001101001101001100010000000000000000101010111010100000111010000010000010001101010010
0000001101010011001100010000000000000000010101101010110100111011000010000110110001010110
0000001101011000001100010000000000000000001100011011000100111100000010001100100101011010
0000001101011110001100010000000000000000110011011011010100111101000010001111111001011110
0000001101100100001100010000000000000000011000111011101000111110000010000100011101100011
0000001101101001001100010000000000000000001111001011111000111111000010000111110001100111
0000001101101110001100010000000000000000000100101100001001000000000010001011000101101011
0000001101110100001100010000000000000000101001001100011001000001000010001110011001101111
0000001101111010001100010000000000000000001011001100101101000010000010000010111101110100
0000001101111111001100010000000000000000111111111100111001000011000010000110010001111000
0000001110000101001100010000000000000000011111011101001101000100000010000110010001111100
0000001110001010001100010000000000000000001110101101011101000101000010001000011110000000
0000001110010000001100010000000000000000101100001101101101000110000010001010101010000100
0000001110010101001100010000000000000000011010111101111101000111000010001101111110001000
0000001110011011001100010000000000000000111101111110001101001000000010000111110010001101
0000001110100001001100010000000000000000000000011110100101001001000010001111000010010010
0000001110100111001100010000000000000000100001011110111001001010000010000110110010011001